(11111111111111111111111111. 733

11111151111111 111111111131111
31118181811111 1111111111 454 §otoo 11111Ξὲ8, 8138581331531131311111
3111183181 8181883883 8818118111 hodani 1113383118 8 8 888
1111111111 111314 3. temporis 1111118111538183851613513
633131111111 -53,3’.,,1111111 1111111111268571111Η111111
318811818188818811881111181111 313818118181818818188181818311831
do 3118111111 Ecclesia vn 8516 1111111Π165841ἲ3
γ11111138388118810881 111131181818188
31111111Π42513. hinnitus V 18 53
globi 1111111111,,Ῑ1131ῗ4 lobi hodieque 1Ι 15 1 11333313
d 1,ο11111888,1,11853 ,,,,, ,,838351,3,31188335838 888
8 8985883Π8ξ11818388818188111838888 11114m 44 1138318381111118181181131111111111Π

gloriosus 20 3 5311111111111111 4 16 uo'u 1111111111
ΙΠ135 331 ,,513 3 5 1οιῐοι13111ΙΠ455

3131131111 ΠΠ885 13 horresco 1111051
838311111111118ξ11156 1οπί,(,1,1111 1111181 175 3 horrida
3151, 11111,1ΙῙ33 ,’,13, ,,,,,, 36 13, 18111161 311111

ξ3181381818888888184 11158531 1111181813 188881 4 38888
318111,3,11*,3351531111111111111 horror 13511113 31 horror

185311113111811115 1111111118Π 16
81111111 armis 38811111 VI 1 111111 20

1111111113 iu 68111 hodiernus (1111

hosp

11 ,1111 ,3,1111, 1111 15 4 11138111881118811 1161361 11111818

3131111111 33 13 15 113 3113 5 13
3113311311311125831113111111 111111118813338Ὗ11111111 1111,,1,,,1
11111111111ΠΙΙ81356 11 1511118753
3111111111153 ,,,, ,ἳ1,1,1,,,
1111111113·- 111111
1111111111 11111111111Η111, ,1113
8888888888 1111 888811813111181881818888 8888
111111111111113111111 inuehuntur iamiamque VII 36 53,
1111318181811818851181 111 135 73 33388388813381818881381118111111.

(111111 3531181111881151111 51

111111 42 1111313 8817111111 81811 5 53
habitabilis 12 13, m ,,
1831331381815831 88 316583 1865108 13111111
1111111111Η 1111 ignia 11111111111811353 13131111
habitudinis 11111111 1 7 5⁴4 11111113 5516
ᾕ1ῧ1818181818785183181818113811181818811 33885 23
1111111111 ignomiiiouiuu 1111 13 5 3 ,13111-
haurire Asiam 111 1 56 1. cupidi· minimissimus v15 53 1311-

1111111 ΠΠ 65 16 Ι 11111111111111111751311088857

13131111111111153 13111111 111111
1131111516111) Δ 8 5 5

 

